1000
100 84 72
86 14 22
25 85 66
61 58 61
23 79 47
68 76 65
52 68 7
26 26 94
12 98 95
67 83 21
8 47 90
89 42 1
42 93 63
5 4 81
41 32 82
57 92 78
80 66 44
94 53 82
80 15 95
51 39 32
10 72 100
41 97 37
36 22 35
43 72 63
90 76 61
71 75 75
28 95 98
54 28 31
70 16 5
93 68 55
24 66 29
68 63 40
36 60 91
38 100 15
23 60 91
81 64 71
47 88 38
99 10 38
21 57 20
56 92 59
29 90 66
29 23 13
46 100 56
73 7 6
74 13 7
5 47 9
42 13 34
83 56 97
74 24 4
17 78 67
78 12 26
48 38 28
68 88 23
46 13 25
81 38 43
2 100 54
57 28 81
63 43 23
41 31 52
75 36 52
20 60 75
36 17 39
29 72 80
93 61 47
13 55 55
47 66 68
68 88 5
17 24 45
36 4 21
40 87 59
33 84 61
48 16 37
12 72 15
31 43 35
76 84 67
24 57 38
31 20 6
6 97 77
77 41 62
84 79 64
25 63 58
37 33 85
73 100 14
30 15 68
74 32 16
59 31 96
12 8 16
26 54 1
53 61 85
58 20 22
19 15 33
35 99 22
40 29 7
47 27 8
71 28 11
36 86 34
96 46 59
8 61 3
98 39 27
13 45 52
53 80 34
29 35 24
76 27 10
78 21 43
20 11 46
93 73 87
58 58 81
71 87 7
4 79 33
15 12 1
0 42 24
66 22 24
72 9 77
79 48 76
57 10 21
59 83 100
66 92 12
79 7 62
91 88 3
75 37 68
89 84 47
8 59 6
49 35 2
75 91 13
18 66 28
13 42 34
76 7 28
6 90 7
74 76 22
13 28 46
21 61 42
10 55 27
0 55 55
22 14 70
34 44 91
1 95 53
97 76 47
34 92 69
22 28 37
90 63 36
53 76 77
16 43 68
16 20 69
10 9 17
77 91 2
96 33 27
2 35 88
58 12 24
18 95 60
9 76 39
47 39 84
19 32 19
28 37 95
6 33 77
99 70 86
29 36 86
42 8 52
38 42 11
93 37 34
21 94 36
79 88 11
87 63 13
84 71 12
47 92 81
87 5 14
100 97 2
99 77 4
76 47 70
1 55 20
60 98 27
98 69 74
34 67 6
91 59 33
73 66 59
12 33 57
69 77 100
84 26 67
23 70 19
70 88 73
51 72 5
94 54 91
87 81 48
10 67 92
53 97 9
3 38 18
14 10 10
81 45 30
99 95 91
8 78 93
34 78 21
23 65 87
51 76 26
75 33 74
57 71 100
90 47 68
51 16 83
12 85 59
75 2 67
25 76 48
66 69 9
100 70 91
45 4 63
96 23 25
77 97 48
67 23 25
88 64 68
52 20 71
23 35 44
77 83 58
2 48 25
74 86 67
69 82 83
34 59 57
70 25 2
39 43 22
100 23 20
57 76 70
13 64 42
1 94 5
22 2 57
11 10 80
28 96 15
74 83 52
98 28 93
22 64 65
51 66 33
100 66 7
88 45 37
66 30 100
5 42 25
95 92 84
86 25 64
1 13 64
37 43 86
79 94 60
81 88 84
100 68 14
50 22 86
22 61 99
90 69 60
33 44 96
69 11 77
29 75 87
31 9 91
2 59 23
77 23 24
14 98 61
10 28 72
65 77 89
37 59 59
24 1 68
44 52 32
91 41 56
61 87 41
18 61 15
20 73 83
68 45 5
94 30 1
43 47 33
59 46 2
94 41 86
0 53 42
35 81 8
27 97 67
75 76 37
55 48 15
92 55 47
47 74 14
24 100 35
92 31 9
89 21 73
30 44 90
23 5 33
1 12 64
59 30 79
87 15 84
25 93 2
50 20 90
20 41 6
73 32 97
84 18 41
32 10 75
69 62 92
95 61 13
61 30 32
95 24 55
76 21 60
42 63 85
39 5 87
0 99 43
63 53 74
97 48 53
53 77 48
38 13 25
65 69 32
36 61 83
80 5 56
56 80 4
49 43 41
34 29 37
49 42 78
38 87 35
30 17 52
2 36 39
31 10 68
70 87 37
36 98 27
77 89 75
65 81 74
16 39 79
75 46 17
93 24 72
83 62 4
50 96 59
86 7 52
29 94 95
99 62 71
77 75 53
24 89 95
84 30 23
79 6 30
49 97 30
55 65 61
37 77 96
10 34 81
23 8 13
11 69 57
53 89 74
37 24 17
57 75 37
25 54 15
22 42 25
4 25 17
55 47 53
87 37 36
28 53 36
76 82 99
90 58 66
15 100 82
26 7 46
78 84 95
97 18 34
76 45 72
69 25 52
20 46 39
96 46 9
28 88 81
67 10 77
42 35 78
20 2 14
54 13 86
58 86 97
46 54 18
68 23 60
40 5 31
13 47 81
90 78 19
83 81 21
22 54 16
87 47 83
51 32 31
83 41 63
2 98 62
34 9 32
30 61 23
25 61 69
5 19 45
7 62 58
0 10 42
28 1 34
19 61 77
43 89 76
27 6 1
57 52 31
56 22 38
45 19 56
50 22 39
22 45 39
77 89 85
27 5 38
34 10 100
7 25 48
40 9 35
75 63 74
35 64 17
3 89 85
25 12 74
10 33 21
14 63 94
1 87 21
15 81 30
17 43 82
3 96 47
67 45 63
75 83 75
0 30 70
73 6 68
57 85 91
87 28 17
38 6 39
91 2 12
25 65 34
36 93 63
16 79 40
52 44 12
55 37 9
16 97 9
16 58 42
71 35 27
25 43 2
47 66 45
21 60 67
4 45 66
93 62 88
28 13 37
100 26 16
16 5 23
84 98 55
89 37 94
28 2 36
100 6 31
61 34 14
55 94 1
48 100 27
53 3 4
20 56 46
55 83 24
60 57 42
34 78 66
6 36 66
100 74 54
96 44 13
58 63 62
96 95 29
1 73 59
14 19 22
77 75 10
20 60 5
19 41 36
51 61 55
15 72 4
52 79 8
35 72 76
11 32 65
97 81 53
60 2 68
30 9 85
8 34 45
98 87 25
74 86 76
100 55 38
50 36 93
62 86 17
17 8 18
16 86 48
73 9 85
55 58 79
4 86 31
53 48 96
79 37 2
87 20 40
45 54 78
32 67 10
6 54 76
57 27 68
7 34 65
74 77 38
56 56 52
91 86 25
65 39 45
38 36 53
63 75 34
40 58 61
51 34 61
41 88 72
78 12 41
94 30 67
45 58 33
21 81 30
28 46 55
91 25 16
38 18 100
54 99 95
80 65 25
52 72 19
28 100 1
79 70 92
14 12 58
57 87 8
58 18 38
41 67 73
52 56 84
64 15 25
21 99 3
38 4 1
72 45 65
76 41 73
29 42 62
15 14 85
87 93 35
49 2 81
90 24 63
56 1 93
86 82 81
19 78 93
68 6 13
46 69 58
42 7 15
44 60 67
73 29 39
46 4 73
5 98 52
37 54 52
98 4 46
53 90 67
7 84 22
14 30 25
28 95 81
21 52 78
34 66 96
39 5 38
15 81 62
44 68 69
67 53 15
47 85 3
88 93 40
25 24 95
14 65 87
5 47 66
49 11 58
97 14 17
13 82 4
13 94 70
16 53 10
87 21 91
34 16 89
77 21 90
25 43 87
82 28 71
25 18 17
72 53 57
96 23 79
7 78 53
47 52 75
60 86 100
18 69 54
98 85 64
32 81 7
82 87 30
5 5 86
41 5 75
75 97 59
99 60 89
69 96 28
63 4 15
36 12 28
34 15 71
84 58 8
82 89 7
35 16 42
59 8 29
6 74 68
18 18 95
95 23 15
84 93 54
80 94 17
88 98 54
44 71 96
65 18 82
30 64 33
72 73 82
60 81 24
17 37 79
48 62 3
0 34 29
98 22 42
19 54 59
96 31 25
82 32 14
57 26 71
31 80 31
90 37 82
13 62 100
1 42 57
48 86 21
54 93 10
93 91 57
78 28 94
97 88 98
94 29 22
22 75 38
54 18 72
8 7 32
31 15 100
74 92 31
73 81 29
78 56 13
97 24 78
1 28 70
28 58 46
96 2 72
18 57 73
79 20 6
4 42 74
66 15 25
17 81 100
37 65 24
89 80 48
63 42 23
30 64 56
7 72 10
25 55 35
8 3 76
64 25 83
70 70 72
74 3 72
83 27 46
79 6 20
54 12 86
5 92 68
86 23 47
52 23 15
84 32 46
100 61 33
25 40 82
53 5 47
92 82 14
7 55 85
45 62 57
6 12 13
0 33 60
16 12 2
19 80 12
4 87 25
46 83 61
23 36 86
14 46 40
71 28 4
38 86 11
17 79 13
89 86 90
61 89 91
89 48 39
97 10 91
91 77 63
43 58 83
14 33 90
52 33 14
26 63 84
16 88 96
22 34 52
21 26 87
63 18 95
100 1 1
17 2 33
82 35 76
57 58 89
34 68 35
66 89 30
48 48 69
91 9 77
20 46 23
69 39 59
57 98 14
24 98 37
44 4 23
10 34 82
58 99 46
55 84 13
55 36 81
19 8 1
42 65 78
14 72 37
32 47 87
37 33 18
90 98 72
44 35 57
37 56 98
29 2 60
95 85 81
85 73 70
41 58 27
63 90 6
55 2 71
38 13 28
29 21 13
74 27 60
8 88 1
88 76 98
33 20 79
100 98 41
70 93 6
59 82 94
84 38 75
1 90 31
46 59 25
34 26 6
63 39 40
80 60 28
11 73 54
4 57 29
8 61 41
52 27 3
11 99 92
43 99 74
34 38 11
100 87 47
46 60 87
12 100 82
16 81 32
30 29 57
7 54 41
36 98 30
20 39 43
73 94 45
100 90 10
42 33 8
21 28 21
56 57 34
21 89 97
97 40 88
84 74 99
43 30 26
2 76 15
79 48 79
47 88 70
57 61 15
91 48 60
75 28 25
92 100 81
80 53 38
75 71 84
20 56 69
68 31 60
52 60 75
2 1 3
86 92 88
7 33 36
88 5 55
50 82 26
75 31 59
23 89 93
0 39 48
92 33 47
4 47 1
59 98 12
19 25 7
43 81 99
61 11 61
61 11 97
51 22 21
6 74 32
55 80 45
67 89 59
13 15 91
91 2 82
95 33 26
61 85 22
42 93 80
75 23 60
41 35 64
41 85 37
71 81 41
48 59 23
46 60 37
79 29 41
79 100 64
43 86 20
71 8 8
67 19 16
21 63 84
94 6 97
80 46 30
16 15 64
55 68 37
91 22 82
32 98 7
10 33 56
54 31 99
48 64 69
100 6 94
31 46 91
63 38 11
99 35 58
72 83 63
99 99 99
5 77 3
82 19 81
15 28 37
91 47 20
99 3 95
14 36 81
24 24 77
30 5 25
49 47 74
44 65 58
46 25 23
70 91 100
66 19 66
45 83 96
61 9 64
100 91 95
51 65 58
95 20 58
0 54 4
26 92 27
98 31 67
29 81 85
47 8 15
73 91 41
50 95 41
92 38 94
26 4 85
70 57 74
39 94 64
52 90 42
87 57 12
12 3 26
59 19 85
34 72 75
84 1 80
27 63 72
81 58 33
80 25 64
61 71 58
38 27 52
48 55 54
33 70 76
76 78 55
61 56 2
25 69 7
19 7 99
34 74 94
30 60 84
84 40 70
97 96 54
80 2 41
45 12 15
96 28 17
99 58 92
4 47 5
58 20 9
97 44 60
12 83 57
95 62 96
83 53 23
37 92 57
77 88 1
35 9 73
12 88 91
97 40 45
19 38 41
21 1 14
47 53 21
23 24 41
34 29 29
46 38 10
55 98 32
83 77 15
47 68 48
8 87 8
19 32 69
93 5 46
93 40 71
4 92 13
43 24 79
55 71 46
64 70 73
5 34 58
35 55 45
55 12 25
42 12 84
60 83 20
2 21 41
7 95 21
41 20 71
48 100 7
31 57 62
43 54 4
23 17 75
25 2 9
28 16 5
90 14 81
59 75 48
12 25 45
28 11 21
89 41 20
32 60 75
97 61 94
2 77 57
32 68 96
32 71 93
1 69 27
23 7 39
55 4 97
5 77 17
91 74 34
29 11 42
79 91 11
95 52 21
11 60 98
16 81 80
87 70 20
37 13 100
17 32 44
47 12 95
2 94 46
55 94 27
66 96 69
90 69 64
50 65 61
64 20 30
65 70 12
27 56 28
25 47 39
78 23 25
79 67 41
94 13 95
0 44 99
45 94 28
48 46 58
44 31 91
100 33 89
64 81 11
53 52 65
22 4 96
24 60 67
20 46 63
76 87 22
91 63 31
33 24 78
18 13 17
96 55 72
67 3 26
57 41 42
5 95 26
7 79 5
11 83 30
12 55 55
49 73 97
24 26 19
95 53 33
26 2 42
76 9 32
62 59 95
59 30 95
84 5 4
55 77 36
7 29 92
68 13 87
23 7 3
28 14 70
38 96 19
84 75 56
80 70 89
97 87 65
19 53 6
7 21 17
23 1 19
55 94 47
77 46 25
4 62 87
51 61 95
16 46 80
85 93 63
33 55 85
32 94 82
76 70 22
94 30 5
93 62 100
56 82 23
44 88 41
22 15 99
5 100 52
38 92 85
96 97 9
3 22 39
22 97 31
81 13 32
20 73 91
97 7 12
86 89 75
91 2 11
31 83 25
25 68 86
52 79 95
49 34 10
42 25 39
100 39 9
22 89 58
55 93 15
82 98 10
33 35 34
100 28 10
92 10 71
20 62 88
65 48 46
51 46 69
25 60 20
8 58 1
